276
76
83
278
280
294
147
161
164
95
93
211
209
210
212
230
232
233
236
175
240
246
178
190
187
47
14
107
33
300
298
267
257
330
272
367
204
206
208
131
297
188
156
318
198
218
368
219
302
375
225
396
397
376
283
223
217
226
227
282
45
16
110
167
168
102
331
341
215
350
68
66
67
154
162
165
101
74
18
91
163
166
94
320
291
216
348
235
237
239
377
116
117
351
148
286
360
339
352
361
353
362
52
22
284
183
96
274
269
373
342
343
133
149
150
78
20
358
357
363
354
356
355
25
256
153
182
56
55
24
333
53
23
10
11
329
328
180
63
221
220
112
50
32
46
31
241
242
51
21
327
365
120
121
366
145
141
349
340
44
40
222
214
244
378
146
309
310
305
224
203
205
126
306
307
308
173
248
123
247
250
129
127
337
199
201
359
338
295
292
266
90
289
48
4
115
7
89
140
54
3
100
125
249
124
234
202
238
75
176
372
262
371
379
261
259
260
273
268
1
251
138
258
169
170
103
380
271
398
381
335
334
321
322
277
279
171
172
104
128
382
281
399
383
92
130
369
288
370
384
179
177
293
134
69
157
114
143
42
39
287
296
400
401
385
275
270
70
81
97
142
72
82
98
139
79
12
160
80
13
159
228
196
135
194
195
193
374
6
118
122
71
158
99
144
264
346
213
303
345
344
254
316
311
312
313
8
9
73
84
77
19
119
290
386
301
402
387
49
15
108
59
34
2
5
253
319
252
326
299
314
403
315
388
191
155
317
255
85
86
87
207
111
113
29
189
192
30
17
106
105
152
60
28
151
332
27
243
174
109
229
231
136
137
200
364
197
41
35
43
36
37
38
62
64
285
184
181
132
265
88
245
263
404
389
65
390
323
405
391
185
186
392
324
406
393
61
58
347
304
57
394
325
407
395
26
336
